GR_S03	GR_S04	GR_S05	GR_S06	GR_S07	GR_S08	GR_S09	GR_S10	MA_S01	MA_S02	MA_S03	MA_S05	MA_S06	MA_S07	MA_S08	MA_S09	MA_S10	MA_S11	MA_S12	MA_S14	SH_S01	SH_S02	SH_S03	SH_S04	SH_S05	SH_S06	SH_S07	SH_S08	SH_S09	SH_S10
0	0	0.25	0	1.333333333	0.5	0	0	0.125	0	0	0	0.166666667	3.111111111	0	0	0	0	0	0	0	0	0	0	0	0	0	0	4487.944444	4978.888889
6532.333333	927.7777778	708.5	1208.777778	6832.166667	759.25	3689.333333	528.3333333	5396.416667	755.5	81	0	0	0	0	0	0	0	0	0	106.9166667	46.83333333	4.5	0	0	0	0.333333333	0	0	0
0	0	0	0	0	0	1	0	0	0	0	0	0	0	0	0	0	0	0	0	0	0	0	1799.833333	0	0	0	0	0	0
5.333333333	7.555555556	3.75	0	0	0	116	2.166666667	0	0	0	0	0	0	0	0	0	0	0	0	0	0	0	0	0	0	0	0	0	0
0.666666667	25.44444444	22.25	1.277777778	7296.333333	1.75	130	0	0	0	0	0	0	0	0	0	0	0	0	0	0	0	0	0	0	0	0.111111111	0	0	0
0	0	0	0	0	0	0	0	0	0	0	2842	8.166666667	2	0	0	0	0	0	0	8.5	5	0.25	468.5	1.166666667	54.5	551.7777778	2956.666667	15.88888889	11647.38889
0	0	0	0	0	0	0	0	0	0	0	8	1.666666667	578.1111111	0	0	0	0	0	0	2.5	3.722222222	3043.833333	0	0.166666667	0	1	0.25	2371.388889	891.5
17123.33333	9116.444444	397.25	43.16666667	45.16666667	23.5	27	16	7145.291667	10923.5	395	0	0	0	0	0	0	0	0	0	1604	357.3888889	18.16666667	0	0	0	0	0	0.111111111	0
0.666666667	18.72222222	0.25	0	0	0	0	0	0	0	0	0	4	0.333333333	0	0	0	0	0	0	0	0.111111111	0	0	0	0	0	0.166666667	0	0
0	0	0.25	0	0.166666667	0	9.166666667	0	0	0	0	0	0	0	0	0	0	0	0	0	0	0	0	0	0.222222222	0	0	0	0	0
0	0	0	0	0	0	0	0	0	0	0	0	0	0	0	0	0	0	0	0	0	0	0	0	0	0	0.555555556	0	0	0
0	0	0	0	0	0	0	0	0	0	0	0	0	0	0	0	0	0	0	0	0	0	0	0	3	0	0	0	0.111111111	0
0	0	0	0	0	0	0	0	0	0	0	0	0	0	0	0	0	0	0	0	0	0	0	0	0	0	0.555555556	0	0	0
0	0	0	0	0	0	0	0	0	0	0	0	0	0	0	0	1	0	0	0	0	0	0	0	0	0	0	0	0	0
0	0	0	0	4.666666667	0.25	561.8333333	0	0	0	0	0	0	0.111111111	0	0	0	0	0	0	0	0	0	0	0	0	0	0	0	0
3.666666667	0	0	0	0	0	0	0	0	0	0	0	0	0	0	0	0	0	0	0	0	0	0	0	0	0	0	0	0	0
0	0	0	0	0	0.25	0	0	0	0	0	0	0	0	0	0	0	0	0	0	0	0.722222222	0	0	0	0	0	0	0	5
0	0	0.5	0.666666667	0	0	0	0	0	0	0	0	0	0	0	0	0	0	0	0	0	0	0	0	0	0	0	0	0	0
0	0	0	0	0	0	0	0	0	0	0	0	0	0	0	0	0	0	0	0	0	0	0	0	0	0	0	3.75	0	0
0	0	0	0	0	0	0	0	0	0	0	0	0	0	0	0	0	0	0	0	0	0	3.916666667	0	0	0	0.166666667	0	5.611111111	1.833333333
0	0	0	0	0	0	0.333333333	74.16666667	0	0	0	0	0	0	0	0	0	0	0	0	0	0	0	0	0	0	0	0	0	0
0	0	0	0	0	0	0.833333333	0	0	0	0	0	0	0	0	0	0	0	0	0	0	0	0	0	0	0	0	0	0	0
0	0	0	0	0	0	0	0	0	0	0	0	0	0	0	0	0	0	0	0	0	0	0	0	0.5	0.5	0	0	0	0
275	126.5555556	18.75	646.7777778	1138.166667	222.5	530.6666667	785	0	0	0.333333333	0	7.833333333	3.333333333	14383	261	1517	1	0	0	0	0	0	0	0.166666667	0	0	0	0	0.111111111
0	0	0	0	0	0	0	0	0	0	0	0	0	0	0	0	0	0	0	0	0	0	0	0	0	0	0	0.75	0.111111111	0.333333333
0	0	0	0	0	0	0	13.66666667	0	0	0	0	0	0	0	0	0	0	0	0	0	0	0	0	0	0	0	0	0	0
0	0	0	0	0	0	0	0	0	0	0	0	0	0	0	0	0	0	0	0	0	0.555555556	0	1	0	0	0	0	0.222222222	0
0.666666667	0.888888889	0	0	7.333333333	0.5	95	13.33333333	0	0	0	0	0	0	0	0	0	0	0	0	3358.833333	20.55555556	40.91666667	0	0	0	0	2.25	757.8333333	13.33333333
0.333333333	0.111111111	0	0.166666667	0.333333333	0	0	0	0.208333333	0	0	0	0	0	0	0	0	0	0	0	0	0	0	0	0	0	0	0	0	0
0	0	0	0	0	0	0	0	0	0	0	0	0	0	0	0	0	0	0	0	0	0	0	329.3333333	0.555555556	0	0	0	0	0
0	0	0	0	0	0	0	0	0	0	0	0	65.83333333	9	72	251.5	0	0	0	0	0	0	0	0	0	0	0	0	0	0
0	0	0	0	0	0	0	0	0	0	0	0	0	0.222222222	0	0	0	0	0	0	1.166666667	0	0.833333333	0	0	0	0	0.25	0.555555556	0
414	7.777777778	2.5	0	0	0	0	0	2.708333333	1	0	0	0	0	0	0	0	0	0	0	0.166666667	0	0	0	0	0	0	0	0	0
0.666666667	0	0	0	0	0	0	0.166666667	0.125	0	0.666666667	0	1	6.111111111	0	0	0	0	0	1	1084.25	504.6666667	46.5	1718.833333	1020.277778	778.25	1623.333333	1727.583333	90	3.111111111
0	0	0	0	0	0	0	0	0	0	0	0	0	0	0	0	0	0	0	0	0	0	0	0	5.333333333	0	0	0	0	0
0	0	0	0	0	0	0	0	0	0	0	0	0	0	0	0	0	0	0	0	0	0	0	0	0	3.75	7447	0	0	0
0	0	0	0	0	0	0	0	0	0	0	0	0	0	0	0	0	0	0	0	0	0	0	0	0.166666667	1.5	0	0	0	0
0	0	0	0	0	0	0	0	0	0	0	0	0	0	0	0	0	0	0	0	0	0	0	0	0	2649.25	0.555555556	0	0	0
0	0.111111111	0	0	0.666666667	7590.25	5	0	0	0	0	0	0	0	0	0	0	0	0	0	0	0	0	0	0	0	0	0	0	0
49.33333333	0	7	1.888888889	74.83333333	0	0	0	0	2	615	0	0	0	0	0	1.5	6408.5	0	2	0.75	0	0	0	0	0.25	102.3333333	0	0	0
0	0	0	0	0	0	0	0	0	0	0	0	0	0	0	0	0	0	0	0	0	0	0	0.166666667	1.833333333	1.75	0	0	0	0
0	0	0	0	0	0	0.166666667	0	0	0	0	0	0	0	0	0	0	0	0	0	0	0	0	0	0	0	0	0	0	0
0	0	0	0	0	0	0	0	0	0	0	0	0	0.555555556	0	0	0	0	0	0	0	0	0	0	0	0	0	0	0	0
0	0	0.25	27.77777778	0.5	0	0	0	0	0	0	0	0	0.666666667	0	0	0	0	0	0	0	268.2777778	0.333333333	1.166666667	2.111111111	0	0	0	0	0
0	0	0	0	1	541.5	1.166666667	0	0	0	0	0	0	0	0	0	0	0	0	0	0	0	0	0	0	0	297.6666667	1.416666667	0	0
0	0	0	0	0	0	0	0	0	0	0	0	0	0	0	0	4	2.5	0	0	0	0	0	25	0.333333333	0	7.333333333	3.916666667	0	0
0	0	0	0	0.333333333	0	0	1	0	0	0	0	0	0	0	0	0	0	0	0	0	0	0	0	0	0	0	0	0	0
0	0	0	0	0	0	0	0.5	0	0	0	0	0	0	0	0	0	0	0	0	1	0.166666667	0	0	0	0	0	0	0	0
0	0	0	0	0	0	0	0	0	0	0	0	0.166666667	0.777777778	0	0	0	0	0	0	0	0	0	0	0	0	0.166666667	0.166666667	0	0
0	0	0	0	0	0.5	0	0	0	0	0	0	66	0.666666667	0	0	0	0	0	0	886.8333333	912.3888889	2.416666667	9.833333333	1610.611111	0	0	0	0	0
0	0	0	0	0	0	0	0	0	0	0	0	0	0	0	0	0	0	0	0	0	0	0	0	0	0	0	0	1.5	0
0	0	0	0	0	0	0	0	0	0	0	0	0.833333333	0.555555556	0	0	0	0	0	0	0	0	0	0	0	0	0	0	0	0
0	0	0	1.277777778	10.83333333	0	0.166666667	0	0	0	0	0	0	0	0	0	0	0	0	0	0	0	0	0	0	0	0	0	0	0
0	0	0	0	0	0	0	0	0	0	0	0	0	19.44444444	0	0	0	0	0	0	0	0	0	0	0	0	0	0	0	0
11	0.666666667	0	0	0.333333333	0	0	0.166666667	0	0	0	0	0	0	0	0	0	0	0	0	0	0	0	0	0	0	0	0	0	0
0	0	0	0	0	0	0	0	0	0	0	0	0	0	0	0	0	0	0	0	0	0	0	1	6.333333333	2.5	0	0	0	0
0	0	0	40.5	0.166666667	0	0	0	0	0	0	0	9.333333333	0.222222222	0	0	0	0	0	0	0	0	0	0	0	0	0	0	0	0
0	0	0	0	0	0	0	0	0	0	0	0	273.5	38.33333333	17	1	0	0	0	0	0	0.111111111	0	0	0	0	11.16666667	316.9166667	0	0
22	958.0555556	252	3847.277778	1389.833333	29	2246.666667	0	0	0.5	0	0	278	302	15	70	1929	2	0	0	0	0	0	1383.5	5.055555556	0	0	0	0	0.333333333
0	0	0	0	0	0	0	0	0	0	0	0	0	0	0	0	0	0	0	0	0	0	0	0	0.555555556	0	0	0	0	0
0	0	0	0	0	0	0	0	0	0	0	0	0	0	0	0	0	0	0	0	0	0	0	0	0	0	0	0	1.833333333	0.166666667
0	0	0	0	0	0	0	0	0	0	0	0	0	0.111111111	0	0	0	0	0	0	0	0	0	0	0	0	0	0	0	0
0	0	0.75	0	0.5	0	0.833333333	0	0	0	0	0	0	0.111111111	0	0	0	0	0	0	0	0	0.25	0	0	0	0	0	0	0.666666667
0	0.555555556	0.25	0.166666667	0.333333333	0	0.333333333	0	0	0	0	0	0	0	0	0	0	0	0	0	0	0.111111111	0	0	0	0	0	0	0	0
0	0	0	0	0	0	0	2.166666667	0	0	0	0	0	0	0	0	0	0	0	0	0	0	0	0	0	0	0	0	0	0
0	0	0	0	0	0	0	0	0	0	0	0	0	0	0	0	0	0	0	0	0	0	0	0	0.333333333	0.5	216.6666667	0	0	0
0	0	0	0	0	0	0	0	0	0	0	0	0	0	0	0	0	0	0	0	0	0	0	0	2	3.5	5127.333333	0	0	0
0	0	0	0	0	0	0	0	0	0	0	0	0	0	0	0	0	0	0	1	28.5	0	0	0	0	0	0	0	0	0
0	0	14.5	0	2	1	68.83333333	0	0	0	0	0	0	0	0	0	0	0	0	0	0	0	0	0	0	0	0	0	0	0
0	0	0	0	0	0	0	0	0.583333333	0	0	0	0	0	0	0	0	0	0	0	0.166666667	0.111111111	0	0	0	0	0	189.4166667	1.5	0
0	0	0	0	0	0	0.166666667	0	0	0	0	0	331.3333333	6.888888889	1	0	0.5	0	0	0	0	0	0	0	0	0	0	0	0	0
0	0	0	0	0	0	0	0	0	0	0	0	525	7.555555556	1	0.5	0	0	0	0	0	0	0	0	0	0	0.166666667	0	0	0
0	0	0	0	0	0	0.5	0	0	0	0	0	0	0	0	0	0	0	0	0	1	0	0	0	0	0	0	0	0	0
0	0	0	0	0	0	0	0	0	0	0	0	0	0	0	0	0	0	0	0	545.8333333	1.055555556	1.916666667	0	0	0	0	0	0	0
0	0	0	0	0	0	1.833333333	0	0	0	0	0	0	0	0	0	0	0	0	0	0	0.666666667	0	0	0	0	0	0	0	0
0	0	0	0	0	0	0	0	0	0	0	0	0	0	0	0	0	0	0	0	0	0	0	0	0	0	336.1666667	0.166666667	0	0
0	0	0	0	0.333333333	0	0	0	0	0	0	0	0	0	0	0	0	0	0	0	2.333333333	0.277777778	17.33333333	0	0	0	0.666666667	288.9166667	46.83333333	1.722222222
0	69.33333333	0	0	0	0	0	0	0	0	0	0	0	0	0	0	0	0	0	0	0.25	0	0	0	0	0	0	0	0	0
0	0	0	0	0	0	0	0	0	0	0	0	0	0	0	0	0	0	0	0	0	0	0	0	3.666666667	0	0	0	0	0
0	0	0	0	0	0	0	0	0	0	0	0	63	874.3333333	0	0	0	0	0	0	0	0	0	0	0	2012.75	0.666666667	0	0	0
0	0	0	0	0	0	0	0	0	0	0	0	0	0	0	0	0	0	0	0	0	0	0	0	0.5	1.75	0	0	0	0
0	0	0	0	0	0	0	0	0	0	0	0	0	13.88888889	0	0	0	0	0	0	0	0	0	0	0	0	0	0	0	0
0	0.111111111	0	0	0	0	0	0	0.083333333	0	0	0	0	0	0	0	0	0	0	0	202.6666667	456.8888889	1.5	0	542.3333333	0	0.722222222	241	0	0
0.666666667	0.222222222	0	0	0.666666667	0.5	0.5	0	0	0	0	0	0.333333333	1	0	0	0	0	0	0	0	0	0	0	0	0	0	0	0	0
0	0	0	0	0	0.75	107.1666667	0	0	0	0	0	0	0	0	0	0	0	0	0	0	0	0	0	0	0	0	0	0	0
0	0	0	0	0	0	0	0	0	0	0	0	0	0	0	0	0	0	0	0	0	0.111111111	0	0	0	0	0	0	0	0
0	0	0.25	1.277777778	162	2.5	0.333333333	0	0	0.5	247	0	0	0	0	0	0	0	0	0	327.6666667	180.7777778	11	0	0	0	0.166666667	371.6666667	0	0
0	0	0	0	0	0	0	0	0	0	0	0	0	0	0	0	0	0	0	0	0	0	0	0	3.333333333	0	0	0	0.111111111	0
0	0	0	0	0.666666667	4.75	1679	0	0	0	0	0	0	0	0	0	0	0	0	0	0	0	0	0	0	0	0	0	0	0
0	0	0	0	0	0	0	0	0	0	0	0	0	0	24	157	0	0	0	0	0	0	0	0	0	0	0	0	0	0
0	0	0	0	0	0	0.166666667	0	0	0	0	0	0	0	0	0	0	0	0	0	0	0	0	0	0	0	0	0	0	0
0	0	0	0	0	0	0	0	0	0	0	0	0	0	0	0	0	0	0	0	0.166666667	70.44444444	0.333333333	0	0	0.25	0	0	0	0
2.333333333	0.222222222	9.25	66.22222222	0.666666667	0.5	2.5	0	0	0	0	0	92.66666667	45.11111111	0	0	0	0	0	0	0	0.111111111	0	0	1.666666667	742.5	5.277777778	0	353.7222222	23.77777778
0	0	0	0	0	0	0	0	0	0	0	0	36	0.333333333	0	22	0	0	0	0	0	0	0	0	0	0	0	0	0	0
0	0	0	103.8888889	0.333333333	0	0	0	0	0	0	0	0	0	0	0	0	0	0	0	0	0	0	0	0	0	0	0	0	0
0	0	0	0	0	0	0	0	0	0	0	0	32.5	1.111111111	0	0	0	0	1369	0	0	0	0	0	0	0	0	0	0	0
0	0	0	0	0	0	0	0	0	0	0	0	0	0	0	0	0	0	0	0	0	0	0	0.333333333	0	0	0.166666667	0	0	0
0.333333333	0.666666667	0.25	0	0.166666667	0	0	0	0.625	1.5	0	0	0	0	0	0	0	0	0	0	0	0.166666667	0	0	0	0	0	0	0	0
0	0.166666667	0	0	0	0	0	0	0	0	0	0	0	0.111111111	0	0	0	0	0	0	0	0	0	1188.5	0.166666667	0	0	0	0	0
0	0	0	0	0	0	0	0	0	0	0	0	0	0	0	0	0	0	0	0	0	0	0	0	0	0	0.166666667	0	0	0
0	0	0	0	0	0	0	0	0	0	0	0	0	0	0	0	0	0	0	0	0	0	0	0	0	0	0	0.25	0	0
0	0	0	0	0	0	0	0.5	0	0	0	0	0	0	0	0	0	0	0	0	0	0	0	0	0	0	0	0	0	0
0	0	0	0	0	0	0	0	0	0	0	0	0	0	0	0	24.5	0.5	0	0	0	0	0	1429.833333	0.555555556	0	287.5	2.416666667	0	0
0	0	0	0	0	0	0	0	0	0	0	0	1.333333333	0.333333333	0	0	0	0	0	0	0	0	0	0	0	0	0	0	0	0
0.333333333	0	0	0	1.333333333	106.25	0.5	0	0	0	0	0	0	0	0	0	0	0	0	0	0	0	0	0	0	0	0	0	0	0
0	0	0	0	0	0	0	0	0	0	0	0	0	0	0	0	0	0	0	0	0.166666667	0	0	0	0	4090	2.555555556	0.25	0	0
0	0	0.25	43.11111111	0	0	0	0	0	0	0	0	0	0	0	0	0	0	0	0	0	0	0	0	0	0	0	0	0	0
0	0	0	0	0	0	0	0	0	0	0	0	0	0	0	0	0	0	0	0	0	0	0	0	0	0	0	0	3	0
0	0	0	0	0	0	0	0	0	0	0	0	0	0	0	0	0	0	0	0	0	0	0	0	0	0	236.6666667	0.583333333	0	0
0	0.111111111	0	0.166666667	0.166666667	0	0	0	0	0.5	0	0	0	0	0	0	0	0	0	0	0	0	0	0	0	0	0	0	0	0
0	0	0	0	0	0	0	0	0	0	0	0	0	0.333333333	0	0	0	0	0	0	0	0	0	0	0	0	0	0	0	0
0	0	0	0	0.166666667	0	0	0	0	0	0	0	0.666666667	4.111111111	0	0	0	0	0	0	0	0	0	5.166666667	5675.333333	0	0.111111111	0	0	0.333333333
0	0	0	0	0	0	0	0	0	0	0	0	0	0	0	0	0	0	0	0	0	0.111111111	0	0	0	1.75	0	0	0.166666667	0
0	0	0	0.111111111	0	0.25	0	0	0	0.5	0	4	0	0	0	0	21	1816.5	18	823	0	0	0	0	0	0	0	0	0	0
0	0	0	0	0	0	0	0	0	0	0	0	11	0.222222222	0	0	0	0	0	0	0	0	0	0	0	0	0	0	0	0
0	0	0	0	0	0	0	0	0	0	0	0	0	0	0	0	0	0	0	0	0	0	3.333333333	0	0	0	0	0	0	0
0	0	0	0	0	0	0	0	0	0	0	0	0	0	0	0	0	0	0	0	0	0.333333333	0	0.333333333	1.666666667	0	0	0	0.333333333	0
0	0	0	0	0	0	0	0	0	0	0	0	0	0	0	1113.5	0	0	0	0	0.166666667	203.4444444	0.25	0	9259.666667	0	0.555555556	0	0	0
0	0	0	0	0	0	0.166666667	0	0	0	0	0	0	0.111111111	0	0	0	0	0	0	0	0	0	0	0	0	0	0	0	0
0	0	0	0	0	0	0	0	0	0	0	0	0	0	0	0	0	0	0	0	0	0	0.166666667	0.166666667	0.333333333	0	0	0	0.5	0
1	280.8333333	112.75	64.77777778	137.8333333	0	0.166666667	0	0	0	0	0	0	0	0	0	0	0	0	0	0	0	0	0	0	0.75	1.444444444	0	0	0
0	0	0	0	0	0	2.5	0	0	0	0	0	0	0	0	0	0	0	0	0	0	0	0	0	0	0	0	0	0	0
0	0	0	0	0	0	0	0	0	0	0	0	7.333333333	0.222222222	0	0	0	0	0	0	0	0	0	0	0	0	0	0	0	0
0	0	0	0	0	0	0.333333333	0.166666667	0	0	0	0	0	0	0	0	0	0	0	0	0	0	0	0	0	0	0	0	0	0
0	0	0	0	0	0	0	0	0	0	0	24	0	0.111111111	0	0	0.5	0	0	0	1.5	1.722222222	430.25	0	0	0	0	0	0	0
0	0	0	0	0.333333333	0	0.166666667	0	0	0	0	0	0	0	0	0	0	0	0	0	0	0	0	0	0	0	0	0	0	0
2.333333333	3.055555556	4.5	0.333333333	15.83333333	1.25	0.5	0	0	0	0	0	3.333333333	539.7777778	0	0	0	0	0	0	4.5	3.5	6	1	0.722222222	0.25	0.722222222	17	1.611111111	1.666666667
0	0	0	0	0	0	0	0	0	0	0	0	0	0	0	0	0	0	0	0	0	0	0	0	4	0	0	0	0.111111111	0
0.666666667	0	0	0	0	0	0	0	0	0	0	0	0	0	0	0	0	0	0	0	0	0	0	0	0	0	0	0	0	0
0	0	0	0	0	0	0	0	0	0	0	0	0	0	0	0	0	0	0	0	92.5	0.555555556	1.083333333	0	0	0	0	0	0	0
0	0	0	0	0	0	0	0	0	0	0	0	0	0	0	0	0	0	0	0	0	0	0.333333333	0	0.166666667	0	0	0	0.333333333	0
0	0	0	0	0.333333333	0	0.5	0	0	0	0	0	0	0	0	0	0	0	0	0	0	0	0	0	0	0	0	0	0	0
0	0	0	0	0.333333333	1.25	0	0	0	0	0	0	0	0	0	0	0	0	0	0	0	0	0	0	0	0	0	0	0.111111111	0
0	0	0	0	0	0	0	0	0	0	0	0	0	0	0	0	0	0	0	0	4.5	0	0	0	0	0	0	0	0	0
0	0	0	0	0	0	0	0	0	0	0	0	0	0	0	0	0	0	0	0	0	0	0	0	0	0	0	0	1	14.94444444
0	0	0	0.166666667	0	0	0	0	0	0	0.333333333	0	0	0	0	0	0	0	0	0	1199.833333	439.9444444	0.666666667	0	0	0	0	0	0	0.111111111
0	0	0	0	0	0	0	0	0	0	0	0	377.3333333	33.88888889	1	3	0	0	0	0	0	0	0.166666667	0	0	0	1.166666667	597.4166667	0	0
0	0	0	0	0	0	0	0	0	0	538.6666667	0	0	0	0	0	0	0	0	0	0	0	0	0	0	0	0	0	0	0
0	0	0	0.166666667	1.833333333	0	0	0	0	0	0	0	0	0	0	0	0	0	0	0	0	0	0	0	0	0	0	0	0	0
0	0	0	0	0	0	0.166666667	0	0	0	0	0	0	0	0	0	0	0	0	0	0	0	0	0.166666667	0.333333333	0	0	0	0.166666667	0
0	0	0	0	0	0	0	0	0	0	0	0	0	0	0	0	0	0	0	0	0	0	0	0	0	0	0	0	0	0.611111111
0	0	0	0	0	0	0	0	0	0	0	0	0	0	0	0	0	0	0	0	0	0	0	0	1.333333333	0.25	0	0	0.166666667	0
2.666666667	0	0.25	0	0	0	0	0	0	0	0	0	0	0	0	0	0	0	0	0	0	0	0	0	0	0	0	0	0	0
1	42.5	1	3	0.333333333	1.5	585	180.1666667	0	0	0.333333333	0	70.16666667	39.66666667	0	0	0	0	0	0	0.166666667	0	0	0	0.333333333	14	4.666666667	0	51.77777778	23.33333333
0	0	0	0	0	0	0	0	0	0	0	0	0	0.111111111	0	0	0	0	0	0	0	0	0	0	0	0.5	0.166666667	0	0	0
0	0	0	0	0	0	0	0	0	0	0	0	4.333333333	0.666666667	0	1	0	0.5	0	0	0	0	0	0	0	297.5	0.111111111	0	4.222222222	0.333333333
0	0	0	0	0	0	0	0	0	0	0	0	0	0.222222222	0	0	0	0	0	0	0	0	0	0	0	0	0	0	0	0
0	0	0	0	0	0	0	0	0	0	0	0	0.333333333	0.222222222	0	0	0.5	0	0	0	0	0	0	0	0	0	0	0	0	0
0.666666667	0	4	0	66.33333333	0.25	20	0	0	0	0	0	0	0	0	0	0	0	0	0	0	0	0	0	0	0	0	0	0	0
0	0	0	0	0	0	0	0	0	0	0	0	0	0.444444444	0	0	0	0	0	0	0	0	0	0	0	0	0	0	0	0
0.666666667	0	0	0	0	0	0	0	0	0	0	0	0	0	0	0	0	0	0	0	0	0	0	0	0	0	0	0	0	0
0	0	0	0	0	0	0	0	0	0	0	0	0	0	0	0	0	0	0	0	0	0	0	0	0	0	0	39	0	0
0	0.166666667	0	0.555555556	0.333333333	0	0	1.166666667	0	0	0	0	0	0	3	0	0.5	0	0	0	0	0	0	0	0	0	0	0	0	0
0	0	0	0	3	473.5	2.5	0	0	0	0.333333333	0	0	0	0	0	0	0	0	0	0.166666667	0	0	0	0	0	0	0	0	0
0	0	0	0	0	0	0	0	0	0	0	1	0.5	0	0	0.5	0.5	0	0	0	0	0	0	0	0	0	0	0	0	0
1	0.333333333	0	0	0	0	0	0	0	0	0	0	0	0	0	0	0	0	0	0	0	0	0	0	0	0	0	0	0	0
0	0.111111111	0	0	0	0	0	0	0	0	0	0	574.5	171.7777778	35	2.5	176	0	0	0	0	0	0	0	0	0	0	0	0	0
10.66666667	0	0	0	0	0	0	0	0	0	0	0	0	0	0	0	0	0	0	0	0	0	0	0	0	0	0	0	0	0
0	0	0	0	0	0	0	0	0	0	0	0	0	0.111111111	0	0	0	0	0	0	0	0	0	0	0	0	1.888888889	0	0	0
0	0	0	0	1	225.25	1	0	0	0	0	0	0	0	0	0	0	0	0	0	0	0	0	0	0	0	0	0	0	0
0.666666667	0	0	0	0.833333333	0	0.666666667	1581.833333	0	0	0	0	0	0	0	0	0	0	0	0	0	0	0	0	0	0	0	0	169.8333333	0.888888889
0	0	0	0	0	0	0	0	0	0	0	0	0	0	0	0	1.5	0	0	0	0	0	0	0	0	0	0	0	0	0
0	0	0	0	1	97.25	1.166666667	0	0	0	0	0	0	0	0	0	0	0	0	0	0	0	0	0	0	0	0	0	0	0
0	0.111111111	0	0	0	0	0.5	0	0	0	0	0	0	0	0	0	0	0	0	0	0	0	0	0	0	0	0	0	0	0
0.333333333	0	0	0	0	0	0	0	0	0	0	0	0	0	0	0	0	0	0	0	0	0	0	0	0	0	0	0	0	0
0	0	0	0	0	0	0	0	0	0	0	0	0	0	0	0	0	0	0	0	0	0	0	0	0.666666667	0.25	0	0	0	0
0.333333333	32.66666667	0.5	0	0	0	0	0	0	0	0	0	0	0	0	0	0	0	0	0	0	0.166666667	0	0	0	0	0	0	0	0
0	0	1379.5	0.833333333	1	0	0.333333333	0	0	0	0	0	0	0	0	0	0	0	0	0	0	0	0	0	0	0	0	0	0	0
0	0	0	0	0	1	791.1666667	0	0	0	0	0	0	0	0	0	0	0	0	0	0	0	0	0.5	0	0	0	0	0	0
0	0	0.25	0	0	0	0	0	0	0	0	0	0.333333333	0.111111111	0	0	0.5	0	0	0	0	0	0	0	0	0	0	0	0	0
0	0	0	0	0	0	0	0	0	0	0	0	90.66666667	1.111111111	0	0	0	0	0	0	0	0	0	0	0	0	0.333333333	0.5	606.5	4.055555556
0	0	0	0	0	0	0	0	0	0	0	0	0	0	0	0	0	0	0	0	1.333333333	2	1348.583333	0	0	0	0	0	0	0
0	0	0	0	0	0	0	0	0	0	0	0	0	0	0	0	0	0	0	0	0	0	0	0	0	0	0	0	1.666666667	0
																													
																													
#REF!	#REF!																												