Sample	Sampling site	Chlorophyll RFU	Chlorophyll ug/L	Sal ppt	Conductivity ¬µS/cm	nLF Conductivity ¬µS/cm	Specific Conductivity ¬µS/cm	TDS Total Dissolved Solids mg/L	Depth max	fDOM fluorescent Dissolved Organic Matter QSU	fDOM fluorescent Dissolved Organic Matter RFU	ODO Optical Dissolved Oxygen % sat	ODO Optical Dissolved Oxygen % local	ODO Optical Dissolved Oxygen mg/L	BGA PE Phycoerythrin (algae) RFU	BGA PE Phycoerythrin (algae) ug/L	Turbidity FNU	pH	Temp °C	GPS Latitude °	GPS Longitude °	Barometer mmHg	Total Kjeldahl nitrogen as N	Total Kjeldahl phosphorus as P	Total nitrogen as N	Total organic carbon	Dissolved organic carbon	Ammonium nitrogen as N	Oxidised nitrogen as N	Phosphate phosphorus as P	Chlorophyll FieldMeasure mg/m3	Percent Solid	Total C sediment	Org.C sediment	CO3 as CaCO3 sediment	Percent mud	Percent sand	Percent gravel
GR-S01	GR-L06	1.21	4.85	9.32	16230.4	15523	15591	10134	NA	94.48	31.49	64	64.5	4.86	4.41	12.4	185.75	7.45	27.086	-20.16979	148.4637	756.8	NA	NA	NA	NA	NA	NA	NA	NA	NA	NA	1	0.6	3.8	12.9948473	46.93980143	40.06535126
GR-S02	GR-L01	1.36	5.48	0.2	452.6	426	428	279	NA	129.69	43.23	79.4	80.1	6.22	3.6	10.13	42.36	6.9	27.948	-20.17664	148.48	756.5	NA	NA	NA	NA	NA	NA	NA	NA	NA	NA	0.7	0.7	0.2	7.817014446	65.52969502	26.65329053
GR-S03	GR-L02	1.36	5.47	0.25	546.9	515	518	337	NA	126.18	42.06	78.8	79.4	6.17	3.58	10.08	42.91	6.97	27.903	-20.18004	148.4819	756.5	NA	NA	NA	NA	NA	NA	NA	NA	NA	NA	0.2	0.1	0.3	0.457065059	10.53194593	89.01098901
GR-S04	GR-L03	1.35	5.42	0.29	632.2	596	599	389	NA	119.56	39.86	78.3	78.9	6.13	3.72	10.46	49.38	7.05	27.893	-20.17327	148.4838	756.5	NA	NA	NA	NA	NA	NA	NA	NA	NA	NA	0.2	0.1	1.2	1.860367893	54.22240803	43.91722408
GR-S05	GR-L04	1.06	4.26	0.39	832.9	788	793	515	NA	83.26	27.76	81.8	82.4	6.43	3.53	9.93	79.02	6.98	27.652	-20.17142	148.4752	756.7	NA	NA	NA	NA	NA	NA	NA	NA	NA	NA	0.4	0.4	0.4	9.50094573	31.44914884	59.04990543
GR-S06	GR-L05	1.26	5.07	3.69	6792.5	6521	6547	4255	NA	106.63	35.54	72	72.5	5.59	3.88	10.9	91.57	6.92	27.283	-20.16413	148.468	756.8	NA	NA	NA	NA	NA	NA	NA	NA	NA	NA	2.4	2.3	0.4	50.28962002	25.13901761	24.57136237
GR-S07	GR-L07	1.03	4.13	14.12	24102.6	22801	22928	14903	NA	86.66	28.89	67.2	67.7	4.9	3.87	10.88	144.54	7.59	27.8	-20.17825	148.4549	756.9	NA	NA	NA	NA	NA	NA	NA	NA	NA	NA	0.6	0.6	0.5	9.756609316	71.79605539	18.44733529
GR-S08	GR-L08	0.79	3.2	18.19	30809.5	29111	29276	19029	NA	72.66	24.22	64	64.5	4.55	2.57	7.25	12.04	7.86	27.7	-20.17641	148.4494	757.4	NA	NA	NA	NA	NA	NA	NA	NA	NA	NA	2.1	1.7	3.7	30.25949274	69.27869814	0.461809119
GR-S09	GR-L09	1.04	4.19	9.75	17075.1	16174	16262	10570	NA	108.35	36.12	72.7	73.2	5.43	3.21	9.03	24.57	7.63	27.533	-20.16781	148.4422	756.6	NA	NA	NA	NA	NA	NA	NA	NA	NA	NA	0.3	0.1	1	1.558689428	39.83670873	58.60460184
GR-S10	GR-L10	0.67	2.71	28.39	47517.6	43762	44133	28686	NA	33.21	11.07	92.1	92.8	6.04	2.71	7.64	5.72	8.02	29.007	-20.15856	148.4332	756.6	NA	NA	NA	NA	NA	NA	NA	NA	NA	NA	0.5	0.1	4.5	1.393092744	56.38727202	42.21963523
MA-S01	SC-L01	1.33	5.33	0.15	346.1	319	321	209	NA	129.34	43.12	70.7	71.2	5.43	3.6	10.13	35.89	7.32	29.034	-21.26518	149.156	758.9	NA	NA	NA	NA	NA	NA	NA	NA	NA	NA	0.1	0.1	0.2	0.153061224	16.90233236	82.94460641
MA-S02	SC-L02	1.32	5.3	0.32	710.7	649	655	426	NA	129.18	43.06	71.3	71.9	5.43	3.55	9.98	36.46	7.25	29.436	-21.26704	149.1643	758.8	NA	NA	NA	NA	NA	NA	NA	NA	NA	NA	0.1	0.1	0.2	0.693481276	34.01525659	65.29126214
MA-S03	SC-L05	1.4	5.63	1.29	2781.1	2489	2518	1637	NA	129.7	43.24	77.2	77.8	5.75	3.82	10.74	41.37	7.24	30.467	-21.27542	149.1753	758.6	NA	NA	NA	NA	NA	NA	NA	NA	NA	NA	0.4	0.4	0.2	14.00394477	59.12228797	26.87376726
MA-S04	SC-L07	1.41	5.66	0.99	2115.3	1941	1958	1273	NA	125.33	41.78	72.6	73.1	5.53	3.92	11.02	45.38	7.24	29.204	-21.27617	149.1803	759.3	NA	NA	NA	NA	NA	NA	NA	NA	NA	NA	0.1	0.1	0.2	0.057175529	50.47782406	49.46500041
MA-S05	SC-L08	2.35	9.41	19.51	34832.9	31165	31534	20497	NA	72.18	24.06	92.2	92.9	6.21	5.97	16.76	14.48	8.29	30.481	-21.27323	149.1874	757.1	NA	NA	NA	NA	NA	NA	NA	NA	NA	NA	0.1	0.1	0.2	0.051880674	24.74708171	75.20103761
MA-S06	SC-L09	1.94	7.79	19.14	34131.3	30612	30965	20127	NA	75.78	25.26	94.5	95.2	6.39	5.73	16.11	7.46	8.32	30.359	-21.2722	149.1914	757	NA	NA	NA	NA	NA	NA	NA	NA	NA	NA	0.1	0.1	0.2	0	99.47876977	0.521230225
MA-S07	SC-L10	1.7	6.82	24.85	42791.2	38429	38866	25263	NA	32.96	10.99	96.4	97.1	6.33	6.27	17.6	15.23	8.32	30.295	-21.26804	149.1987	756.9	NA	NA	NA	NA	NA	NA	NA	NA	NA	NA	0.2	0.2	0.2	0.070410139	64.24338438	35.68620548
MA-S08	SC-L03	1.33	5.36	0.67	1487.2	1348	1362	885	NA	127.19	42.4	71.1	71.7	5.37	3.6	10.13	43.44	7.22	29.801	-21.27671	149.1632	758.8	NA	NA	NA	NA	NA	NA	NA	NA	NA	NA	0.1	0.1	0.2	0.820568928	11.35576222	87.82366885
MA-S09	SC-L04	1.35	5.43	0.77	1697.6	1538	1554	1010	NA	130.57	43.53	69.5	70.1	5.25	3.63	10.21	38.73	7.21	29.85	-21.27429	149.1681	758.7	NA	NA	NA	NA	NA	NA	NA	NA	NA	NA	0.1	0.1	0.2	0.428003669	34.13547626	65.43652007
MA-S10	SC-L06	2.61	10.45	1.92	4054.3	3640	3681	2393	NA	117.52	39.18	91.2	91.9	6.79	8.65	24.28	76.32	7.53	30.316	-21.28708	149.18	758.4	NA	NA	NA	NA	NA	NA	NA	NA	NA	NA	0.1	0.1	0.2	0.035281665	34.54075032	65.42396801
MA-S11	HA-L02	0.71	2.86	34.22	57558.6	51636	52230	33949	NA	4.86	1.62	101.3	102	6.31	2.18	6.16	116.54	8.23	30.345	-21.11209	149.2278	754.9	NA	NA	NA	NA	NA	NA	NA	NA	NA	NA	1.9	1.1	5.9	67.39433349	32.41987924	0.185787274
MA-S12	HA-L04	0.31	1.24	34.93	58633.9	52576	53184	34569	NA	3.67	1.23	105.5	106.3	6.54	0.94	2.68	-0.03	8.21	30.371	-21.1054	149.2354	754.7	NA	NA	NA	NA	NA	NA	NA	NA	NA	NA	0.5	0.1	5	0.033875339	63.7345679	36.23155676
MA-S13	HA-L03	0.5	2.02	28.61	47951.3	43118	43602	28342	NA	3.73	1.25	97	97.7	6.27	2.31	6.51	38.32	8.24	30.267	-21.10674	149.231	754.7	NA	NA	NA	NA	NA	NA	NA	NA	NA	NA	2.1	1.3	6.4	70.85617883	28.97511598	0.168705188
MA-S14	HA-L01	0.92	3.69	32.81	55684.1	49586	50201	32630	NA	5.02	1.68	96.6	97.4	6.07	3.15	8.88	66.15	8.21	30.745	-21.11521	149.225	754.9	NA	NA	NA	NA	NA	NA	NA	NA	NA	NA	0.9	0.6	2.4	1.857282502	98.1427175	0
SH-S01	SHM-M-L01	1.02	4.12	0.57	1225.4	1157	1164	756	NA	85.98	28.66	78.7	79.3	6.17	3.03	8.54	74.89	7.3	27.78	-20.90965	148.8392	757.4	NA	NA	NA	NA	NA	NA	NA	NA	NA	NA	1.9	1.9	0.4	72.29440538	26.86487313	0.840721492
SH-S02	SHM-M-L02	0.99	3.97	0.85	1777	1678	1688	1097	NA	88.18	29.4	78	78.6	6.1	2.91	8.19	45.79	7.26	27.772	-20.906	148.8419	757.4	NA	NA	NA	NA	NA	NA	NA	NA	NA	NA	1.8	1.7	0.7	65.16117605	33.95324123	0.885582713
SH-S03	SHM-M-L03	0.91	3.65	0.73	1519.1	1450	1456	947	NA	81.4	27.14	79.3	79.9	6.26	2.73	7.7	49.92	7.34	27.255	-20.89696	148.8288	758.8	NA	NA	NA	NA	NA	NA	NA	NA	NA	NA	0.1	0.1	0.2	0.133498617	69.31438924	30.55211214
SH-S04	SHM-M-L05	1	4.04	1.29	2637.6	2505	2518	1637	NA	84.01	28.01	78	78.6	6.12	3.12	8.78	69.76	7.26	27.484	-20.88761	148.8308	758.8	NA	NA	NA	NA	NA	NA	NA	NA	NA	NA	1.1	1.1	0.2	23.88118038	40.90287278	35.21594684
SH-S05	SHM-S-L07	1.27	5.08	1.68	3388.7	3222	3239	2105	NA	49.97	16.66	69	69.6	5.41	6.3	17.69	393.18	7.18	27.431	-20.88798	148.8424	758.8	NA	NA	NA	NA	NA	NA	NA	NA	NA	NA	2.1	2	0.5	71.27555988	26.20361355	2.520826571
SH-S06	SHM-SM-L10	1.6	6.42	17.16	30240.7	27771	28015	18210	NA	66.84	22.28	91.7	92.4	6.4	5.45	15.3	50.98	7.99	29.157	-20.87292	148.8428	758.7	NA	NA	NA	NA	NA	NA	NA	NA	NA	NA	0.4	0.4	0.3	51.14528375	30.48513705	18.3695792
SH-S07	SHM-M-L04	0.39	1.6	0.12	265	253	254	165	NA	58.29	19.43	97	97.7	7.68	0.99	2.81	7.08	7.45	27.287	-20.87836	148.8113	758	NA	NA	NA	NA	NA	NA	NA	NA	NA	NA	0.5	0.4	0.2	17.92355652	36.20493359	45.87150989
SH-S08	SHM-S-L06	0.42	1.69	0.36	777.9	741	745	484	NA	57.73	19.25	92.1	92.8	7.29	1.18	3.35	9.36	7.34	27.296	-20.88032	148.8227	758.1	NA	NA	NA	NA	NA	NA	NA	NA	NA	NA	0.1	0.1	0.2	1.48409894	35.43897798	63.07692308
SH-S09	SHM-S-L08	0.86	3.48	1.05	2164.1	2062	2072	1347	NA	68.21	22.74	79.8	80.4	6.28	3.19	8.99	66.57	7.37	27.333	-20.88296	148.8293	758.4	NA	NA	NA	NA	NA	NA	NA	NA	NA	NA	2.3	2.2	1.5	69.29788961	25.71022727	4.991883117
SH-S10	SHM-S-L09	1.25	5.03	9.8	17672.6	16261	16400	10660	NA	78.7	26.24	85.9	86.6	6.26	3.8	10.7	25.49	7.71	28.985	-20.8832	148.8339	757.5	NA	NA	NA	NA	NA	NA	NA	NA	NA	NA	1.9	1.9	0.2	56.6903794	34.45121951	8.858401084
